0
0
0
0
0
0
0
0
0
0
0
0
1270
1270
0
48
0
47
26
26
26
26
26
26
26
26
26
26
26
26
26
26
26
26
26
26
26
26
26
26
26
26
27
27
27
27
27
27
27
27
27
27
27
27
27
27
27
27
38
38
38
38
38
38
38
38
38
38
38
38
38
38
38
38
38
30
30
30
30
30
6979
6979
6979
6979
6979
52
52
52
52
52
52
52
52
52
0
52
52
52
52
52
52
52
52
52
52
52
52
52
52
52
52
52
52
52
52
52
52
52
52
52
52
52
12285
12285
12285
12285
12285
48
48
48
0
51
23
23
36
36
36
36
36
36
36
36
36
39
39
39
39
39
39
39
39
39
39
39
39
39
39
39
39
39
39
39
39
39
39
39
39
39
39
39
39
39
39
39
39
39
39
39
39
39
39
39
39
39
7
7
7
7
6568
6568
6568
6568
6568
6568
6568
6568
6568
6568
6568
6568
6568
6568
6568
6568
6568
6568
6568
6568
6568
6568
6568
6568
6568
6568
6568
6568
6568
6568
6568
6568
6568
6568
6568
6568
6568
6568
6568
6568
6568
6568
6568
6568
6568
6568
6568
6568
6568
6568
6568
6568
6568
6569
6569
6569
6569
6569
6569
6569
6569
6569
6569
6569
6569
6569
6569
6569
6569
6569
6569
6569
6569
6569
6569
6569
6569
6569
6569
6569
6569
6569
6569
6569
6569
6569
6569
6569
6569
6569
6569
6569
6569
6569
6569
6569
6569
6569
6569
6569
6569
6569
6569
6569
6569
6569
6569
6569
6569
6569
6569
6569
6569
6569
6569
6569
6569
6569
6569
6569
6569
6569
6569
6569
6569
6569
6569
6569
6569
6569
6569
6569
6569
6569
6569
6569
6569
6569
6569
6569
6569
6569
6569
6569
6569
6569
6569
6569
6569
6569
6569
6569
6569
6569
6569
6569
6569
6569
6569
6569
6569
6569
6569
6569
6569
6569
6569
6569
6569
6569
6569
6569
6569
6569
6569
6569
6569
6569
6569
6569
6569
6569
6569
6569
6569
6569
6569
6569
6569
6569
6569
6569
6569
6569
6569
6569
6569
6569
6569
6569
6569
6569
6569
6569
6569
6569
6569
6569
6569
6569
6569
6569
6569
6569
6569
6569
6569
6569
6569
6569
6569
6569
6569
6569
6569
6569
6569
6569
6569
6569
6569
6569
6569
6569
6569
6569
6569
6569
6569
6569
6569
6569
6569
6569
6569
6569
6569
6569
6569
6569
6569
6569
6569
6569
6569
6569
6569
6569
6569
6569
6569
6569
6569
6569
6569
6569
6569
6569
6569
6569
6569
6569
6569
6569
6569
6569
6569
6569
6569
6569
6569
6569
6569
6569
6569
6569
6569
6569
6569
6570
6570
6570
6570
6570
6570
6570
6570
6570
6570
6570
6570
6570
6570
6570
6570
6570
6570
6570
6570
6570
6570
6570
6570
6570
6570
6570
6570
6570
6570
6570
6570
6570
6570
6570
6570
6570
6570
6570
6570
6570
6570
6570
6570
6570
6570
6570
6570
6570
6570
6570
6570
6570
6570
6570
6570
6570
6570
6570
6570
6570
6570
6570
6570
6570
6570
6570
6570
6570
6570
6570
6570
6570
6570
6570
6570
6570
6570
6570
6570
6570
6570
6570
6570
6570
6570
6570
6570
6570
6570
6570
6570
6570
6570
6570
6570
6570
6570
6570
6570
6570
6570
6570
6570
6570
6570
6570
6570
6570
6570
6570
6570
6570
6570
6570
6570
6570
6570
6570
6570
6570
6570
6570
6570
6570
6570
6570
6570
6570
6570
6570
6570
6570
6570
6570
6570
6570
6570
6570
6570
6570
6570
6570
6570
6570
6570
6570
6570
6570
6570
6570
6570
6570
6570
6570
6570
6570
6570
6570
6570
6570
6570
6570
6570
6570
6570
6570
6570
6570
6570
6570
6570
6570
6570
6570
6570
6570
6570
6570
6570
6570
6570
6570
6570
6570
6570
6570
6570
6570
6570
6570
6570
6570
6570
6570
6570
6570
6570
6570
6570
6570
6570
6570
6570
6570
6570
6570
6570
6570
6570
6570
6570
6570
6570
6570
6570
6570
6570
6570
6570
6570
6570
6570
6570
6570
6570
6570
6570
6570
6570
6570
6570
6570
6570
6570
6570
6570
6570
6570
6570
6570
6570
6570
6570
6570
6571
6571
6571
6571
6571
6571
6571
6571
6571
6571
6571
6571
6571
6571
6571
6571
6571
6571
6571
6571
6571
6571
6571
6571
6571
6571
6571
6571
6571
6571
6571
6571
6571
7
6575
6575
6575
6575
6575
6575
6575
6575
6578
6578
6578
6578
6578
6578
6578
6578
6578
6578
6578
6578
6578
6578
6578
6578
6578
6578
6578
6578
6578
6578
6578
6578
6578
6578
6578
6578
6578
6578
6579
6579
6579
6579
6579
6579
6579
6579
6579
6579
6579
6579
6579
6579
6579
6579
6579
6579
6580
6580
6580
6580
6580
6580
6580
6580
6580
6580
6580
6580
6580
6580
6580
6580
6580
6580
6580
6580
6580
6580
6580
6580
6580
6580
6580
6592
6592
6592
6592
6592
6592
6592
6592
6592
6592
6592
6592
6592
6592
6592
6592
6592
6592
6592
6592
6592
6592
6592
6592
6592
6592
6592
6592
6592
6592
6592
6592
6592
6592
6592
6592
6581
6581
6581
6581
6581
6581
6581
6581
6581
6581
6581
6581
6581
6581
6593
6593
6593
6593
6593
6594
6594
6594
6594
6594
6594
6594
6594
6594
6594
6594
6594
6594
6594
6594
6594
6594
6594
6594
6594
6594
6594
6594
6594
6582
6582
6582
6582
6583
6583
6583
6583
6583
6583
6583
6595
6595
6595
6587
6587
6587
6587
6587
6587
6587
6587
6587
6587
6587
6587
6587
6587
6587
6587
6587
6587
6587
6587
6587
6588
6588
6588
6588
6588
6588
6588
6588
6588
6588
6588
6588
6588
6588
6588
6588
6588
6588
6588
6588
6588
6588
6588
6588
6588
6588
6589
6589
6589
6589
6589
6589
6589
6589
6589
6589
6589
6589
6589
6589
6589
6589
6589
6589
6589
6589
6589
6589
6589
6589
6589
6589
6589
6589
6589
6589
6589
6589
6589
6589
6590
6590
6590
6590
6590
6590
6590
6590
6590
6590
6590
6590
6590
6590
6590
6590
6590
6590
6590
6590
6590
6590
6590
6590
6590
6590
6590
6590
6590
6590
6590
6590
6590
6590
6590
6590
6590
6590
6590
6590
6590
6590
6590
6590
6590
6590
6590
6590
6590
6590
6590
6590
6590
6590
6590
6590
6590
6590
6590
6590
6590
6590
6590
6590
6590
6590
6590
6590
6590
6590
6590
6590
6590
6590
6590
6590
6590
6590
6590
6590
6590
6590
6590
6590
6590
6590
6590
6590
6590
6590
6590
6590
6590
6590
6590
6590
6590
6590
6590
6590
6590
6590
6590
6590
6590
6590
6590
6590
6590
6590
6590
6590
6590
6590
6590
6590
6590
6590
6590
6590
6590
6591
6591
7
7
7
7
7
6597
6597
6597
6597
6597
6597
6597
6598
6598
6598
6598
6598
6598
6598
6598
6598
6598
6598
6598
6598
6598
6598
6598
6598
6598
6598
6598
6598
6598
6598
6598
6598
6598
6598
6598
6598
6598
6598
6598
6598
6598
6598
6598
6598
6598
6598
6598
6598
6598
6598
6598
6598
6598
6598
6598
6598
6598
6598
6598
6598
6598
6598
6598
6598
6598
6598
6598
6598
6598
6598
6598
6769
6769
6769
6769
6769
6769
0
0
7
7
7
7
7
7
6572
6572
6572
6572
6572
6572
6572
6572
6572
6572
6572
6572
6572
6572
6572
6572
6572
6572
6572
6572
6572
6572
6572
6572
6572
6572
6572
6572
6572
6572
6572
6572
6572
6572
6572
6572
6572
6572
6572
6572
6572
6572
6572
6572
6572
6572
6572
6572
6572
6572
6572
6572
6572
6572
6572
6572
6572
6572
6572
6572
6572
6572
6572
6572
6572
6572
6572
6572
6572
6572
6572
6572
6572
6572
6572
6572
6572
6572
6572
6572
6572
6572
6572
6572
6572
6572
6572
6572
6572
6572
6572
6572
6572
6572
6572
6572
6572
6572
6572
6572
6572
6572
6572
6572
6572
6572
6572
6572
6572
6572
6572
6572
6572
6572
6572
6572
6572
6572
6572
6572
6572
6572
6572
6572
6572
7
7
7
7
6573
6573
6573
6573
6573
6573
6573
6573
6573
6573
6573
6573
6573
6573
6573
6573
6573
6573
6573
6573
6573
6573
6573
6573
6573
6573
6573
6573
6573
6573
6573
6573
6573
6573
6573
6573
6573
6573
6573
6573
6573
6573
6573
6573
6573
6573
6573
6573
6573
6573
6573
6573
6573
6573
6573
6573
6573
6573
6573
6573
6573
6573
6573
6573
6573
6573
6573
6573
6573
6573
6573
6573
6573
6573
6573
6573
6573
6573
6573
6573
6573
6573
6573
6573
6573
6573
6573
6573
6573
6573
6573
6573
6573
6573
6573
6573
6573
6573
6573
6573
6573
6573
6573
6573
6573
6573
6573
6573
6573
6573
6573
6573
6573
6573
6573
6573
6573
6573
6573
6573
6573
6573
6573
6573
6573
6573
6573
6573
6573
6573
6573
6573
6573
6573
6573
6573
6573
6573
6573
6573
6573
6573
6573
6573
6573
6573
6573
6573
6573
6573
6573
6573
6573
6573
6573
6573
6573
6573
6573
6573
6573
6573
6573
6573
6573
6573
6573
6573
6573
6573
6573
6573
6573
6573
6573
6573
6573
6573
6573
6573
6573
6573
6573
6573
6573
6573
6573
6573
6573
6573
6573
6573
6573
6573
6573
6573
6573
6573
6573
6573
6573
6573
6573
6573
6573
6573
6573
6573
6573
6573
6573
6573
6573
6573
6573
6573
6573
6573
6573
6573
6573
6573
6573
6573
6573
6573
6573
6573
6573
6573
6573
6573
6573
6573
6573
6573
6573
6573
6573
6573
6573
6573
6573
6573
6573
6573
6573
6573
6573
6573
6573
6573
6573
6573
6573
6573
6573
6573
6573
6573
6573
6573
6573
6573
6573
6573
6573
6573
6573
6573
6573
6573
6573
6573
6573
6573
6573
6573
6573
6573
6573
6573
6573
6573
6573
6573
6573
6573
6573
6573
6573
6573
6573
6573
6573
6573
6573
6573
6573
6573
6573
6573
6573
6573
6573
6573
6573
6573
6573
6573
6573
6573
6573
6573
6573
6573
6573
6573
6573
6573
6573
6573
6573
6573
6573
6573
6573
6573
6573
6573
6573
6573
6573
6573
6573
6573
6573
6573
6573
6573
6573
6573
6573
6573
6573
6573
6573
6573
6573
6573
6573
6573
6573
6573
6573
6573
6573
6573
6573
6573
6573
6573
6573
6573
6573
6573
6573
6573
6573
6573
6573
6573
6573
6573
6573
6573
6573
6573
6573
6573
6573
6573
6573
6573
6573
7
7
7
7
9569
9569
9569
9569
9569
7
6606
6606
6607
6607
7
6603
6603
6604
6604
6604
6604
7
7
6600
6600
6600
6600
6600
6608
6608
6608
6608
6608
6608
6608
6609
6609
6609
6609
6609
6609
6599
6599
6599
6599
6599
6599
6599
6599
6599
6599
6599
6599
6599
6611
6612
6610
6610
6610
6610
7
7
7
7
7
6605
6605
6605
6605
6608
6609
6609
6600
6600
6600
6599
6607
9573
5516
5516
5516
5516
5516
5516
5516
5516
5516
5516
5516
5516
5516
5516
5516
5516
5516
5516
5516
5516
5516
5516
5516
5516
5516
5516
5516
5516
5516
5516
5516
5516
5516
5516
5516
5516
5516
5516
5516
5516
5516
5516
5516
5516
5516
5516
5516
5516
5516
5516
5516
5516
5516
5516
5516
5516
5516
5516
5516
5516
5516
5516
5516
5516
5516
5516
5516
5516
5516
5516
5516
5516
5516
5516
5516
5516
5516
5516
5516
5516
5516
5516
5516
5516
5516
5516
5516
5516
5516
5516
5516
5516
5516
5516
5516
5516
5516
5516
5516
5516
5516
5516
5516
5516
5516
5516
5516
5516
5516
5516
5516
5516
5516
5516
5516
5516
5516
5516
5516
5516
5516
5516
5516
5516
5516
5516
5516
5516
5516
5516
5516
5516
5516
5516
5516
5516
5516
5516
5516
5516
5516
5516
5516
5516
5516
5516
5516
5516
5516
5516
5516
5516
5516
5516
5516
5516
5516
5516
5516
5516
5516
5516
5516
5516
5516
5516
5516
5516
5516
5516
5516
5516
5516
5516
5516
5516
5516
5516
5516
5516
5516
5516
5516
5516
5516
5516
5516
5516
5516
5516
5516
5516
0
6606
6600
6609
6601
7
7
6573
6573
6573
6573
5228
5228
5234
6575
6575
6575
52
20556
20556
20556
20556
20559
20560
20562
20562
20562
20562
20562
20562
20562
20562
20562
20563
20563
20563
20563
20563
20568
20568
20568
20568
20568
20568
20568
20568
20568
20568
20568
20558
20569
20569
20569
20569
20569
20569
20569
20569
20569
20569
20569
20586
20586
20586
20586
20588
20588
20588
20589
20591
20591
20591
20591
20591
20591
20591
20586
20586
20586
51
3250
3250
7
6571
6571
6571
6571
6571
6571
6571
6571
6571
6571
6571
6571
6571
6571
6571
6571
6571
6571
6574
6574
6574
6574
6574
6574
6574
6574
6574
6574
6574
6574
6574
6574
6574
6574
6574
6566
6566
6566
6566
6566
6566
6566
6566
6566
6566
6566
6566
6566
6566
6566
6566
6566
6566
6566
6566
6566
6566
6566
6566
6566
6566
6566
6566
6566
6566
6566
6567
6567
6567
6567
6567
6567
6567
6567
6567
6567
6567
6567
6567
6567
6567
6567
6567
6567
6567
6567
6567
6567
6567
6567
6567
6567
6567
6567
6567
6567
6567
6567
6567
6567
6567
6567
6567
6567
6567
6567
6567
6567
6567
6567
6567
6567
6567
6567
6567
6567
6567
6567
6567
6567
6567
6567
6567
6567
6567
6567
6567
6567
6592
6584
6584
6586
6586
6586
6586
6586
6586
6586
6586
6586
6586
6586
6586
6586
6586
6586
6586
6596
7
7
6573
5159
5159
5159
5159
5159
6606
6606
6607
9573
6799
6609
6599
6599
6599
6599
6599
6599
6599
6599
6599
7
7
5233
5233
9575
9575
337
337
5516
5516
5516
5516
5516
1160
1161
0
6557
7
7
7
7
7
7
7
7
7
7
7
7
7
7
7
7
7
7
7
7
7
7
7
7
7
7
7
7
7
7
7
7
7
9571
9572
7
7
7
7
7
7
7
7
0
20559
20559
20559
20559
20559
7
7
7
7
7
7
7
0
7
7
0
7
7
7
7
9569
6799
6799
7
7
7
5854
5854
5854
5854
251
251
52
52
3176
3155
3177
6776
6776
6776
7
6912
6912
6912
6912
6912
6912
6912
6912
6912
6912
6912
7
7
7
7
7
0
0
6594
6779
7008
7008
7008
7008
7008
7008
7008
7008
7008
7008
7008
7008
7008
7008
7008
7008
6779
6779
7030
7031
7031
7031
7031
7031
7031
7031
7031
7031
7031
7031
7031
7031
7031
7031
7031
7031
0
7070
7071
7071
7071
7071
7071
7071
6979
6979
6979
6979
6979
6979
6979
6979
6979
6979
6979
6979
6979
6979
6979
6979
6979
6979
6979
6979
6979
6979
0
0
7108
7111
7108
6571
6571
6571
6571
6571
6571
6571
6571
6571
6571
6571
6571
6571
6571
6571
6571
6571
6571
0
7323
7323
7323
7323
7323
7323
7323
7323
7323
7323
7323
7323
7323
7323
7323
7323
7323
7323
7323
7323
7323
7323
7323
7323
7323
7323
7323
7323
7323
7323
7323
7323
7323
7323
7323
7323
7323
7323
7323
7323
7323
7323
7323
7323
7323
7323
7323
7323
7323
7323
7323
7323
7323
7323
7323
7323
7323
7323
7323
7323
7323
7323
7323
7323
7323
7323
7323
7323
7323
7323
7323
7323
7323
7323
7323
7323
7323
7323
7323
7323
7323
7323
7323
7323
7323
7323
7323
7323
7323
7323
7323
7323
7323
7323
7323
7323
7323
7323
7323
7323
7323
7323
7323
7323
7323
7323
7323
7323
7323
7323
7323
7323
7323
7323
7323
7323
7323
7323
7323
7323
7323
7323
7323
7323
7323
7323
7323
7323
7323
7323
7323
7323
7323
7323
7323
7323
7323
7323
7323
7323
7323
7323
7323
7323
7323
7323
7323
7323
7323
7323
7323
7323
5185
5185
5185
7503
7323
7323
7323
7323
7323
7323
7323
7323
7323
7323
7323
7323
7323
7323
7323
7323
7323
7323
7323
7323
7323
7323
7323
7323
7323
7323
7323
7323
7323
7323
8098
8099
0
8096
8099
8099
8096
8102
8096
12052
12052
12052
12052
12052
12052
12052
12052
12052
12052
8098
8227
8228
8228
8228
8228
8228
8228
8228
8228
8228
8228
8228
8228
8228
8228
8228
8228
8228
8227
8253
8253
8253
8253
8253
8253
8253
8253
8253
8253
8253
8253
8253
8253
8253
8227
8278
8278
8282
8227
8282
8287
8227
8287
8287
8287
8292
8227
8292
8292
8292
8292
8292
8292
8292
8292
8292
8227
8227
8316
8316
8316
8316
8316
8316
8316
8316
8316
8316
8316
8316
8316
8316
8316
8316
8316
8316
8316
8316
8316
8316
8316
8316
8316
8316
8316
8316
8316
8316
12055
12055
12055
12055
12055
12055
12055
12055
12055
12055
12055
12055
12055
12055
12056
12056
12056
12056
12056
12056
12056
12056
8227
8098
8440
8441
8441
8441
8441
8441
8441
8441
12140
12140
12140
12140
12140
12140
8440
8473
8473
8473
8473
8473
8473
8473
8473
8440
8098
8098
8098
8485
8098
8098
8488
8488
8488
8488
8488
8488
8488
8488
8488
8488
8098
8533
8533
8535
8535
8535
8535
8535
8535
8535
8533
8548
8548
8548
8533
8557
8557
8533
8533
8566
8566
8533
8098
8098
8098
8098
8098
8582
8582
0
12402
8602
8586
8586
12423
12404
12404
12404
12404
12405
12405
12405
12405
8586
8586
8688
8688
8688
8688
12410
12410
12410
12410
8703
8586
8703
8703
8703
12409
12409
8717
8586
8717
8717
8717
8717
8717
8717
8717
8717
8717
8717
8717
8717
8717
8717
8717
8717
8717
8717
8717
8717
8717
8717
8717
8717
8717
8717
8717
8717
8717
8717
8717
8717
8717
8717
8717
8717
8717
8717
8717
8717
8717
8717
8717
8717
8717
8717
8717
8717
8717
8717
8717
8803
8586
8803
8803
8803
8803
8803
8803
8803
8803
8803
8803
8803
8803
8803
8803
8803
8803
8803
8827
8586
8827
8827
8827
8827
8827
8827
8827
8827
8827
8827
8827
8827
8827
8827
8827
8827
8827
8827
8827
8827
8827
8827
8827
8827
8827
8827
8827
8827
8827
8827
8827
8827
8827
8827
8827
8827
8827
8827
8827
8827
8827
8827
8827
8827
8827
8827
8827
8827
8827
8827
8827
8827
8827
8827
8827
8827
8827
8827
8586
8899
8899
8899
8899
8586
8910
8910
8910
8910
8910
8910
8910
8910
8586
8924
8924
8924
8924
8586
8936
8936
8936
12411
8953
8586
8953
8953
8953
8953
8953
8953
8953
8953
8953
8953
8953
8953
8994
0
8993
12412
9008
9008
9008
9008
9008
9008
9008
9008
9008
9008
9008
9008
9008
9008
9008
9008
9008
9008
9008
9008
9008
9008
9008
9008
9008
9008
9008
9008
9008
9008
9008
9008
9008
9008
9008
9008
9008
9008
9008
9008
9008
9008
9008
9008
9008
9008
9008
9008
9008
9008
9008
9008
9008
9008
12414
9082
9082
12414
9089
12414
12414
9096
9096
9109
12413
9109
9109
9109
9109
9109
8993
8993
8993
9193
8993
9193
9193
9193
9193
9193
9193
9193
9193
9193
9193
9193
9193
9193
9193
9193
12428
12428
12428
12428
12428
8993
8993
12429
12429
8993
9239
9239
9239
9239
9239
9239
9239
9239
9239
17636
17636
17636
17636
17636
17636
17636
17636
17636
17636
17636
8994
9271
9271
9271
9271
9271
9271
9271
9271
9271
9271
9271
9271
9271
9271
9271
9271
9271
9271
9271
9271
9271
9271
9271
9271
9271
9271
9271
9271
9271
9271
9271
9271
9271
9271
9271
9271
9271
9271
9271
9271
9271
9271
9271
9271
9271
9271
9271
9271
9271
9271
8994
9360
9360
9360
9360
9360
9360
9368
8994
9368
9368
9368
8924
8924
8936
8936
8953
8485
8485
8535
8535
8253
12411
12411
9001
8993
7071
8936
12405
9089
8993
8993
8993
8993
8485
8485
8485
9239
6588
12077
8282
0
0
9558
8228
7
7
7
7
0
9575
9584
9584
9584
9584
9584
9584
9584
9584
9584
9584
9575
9575
9575
9575
9575
9575
9575
9575
9575
9584
9584
9584
9584
9584
6580
6603
6603
6776
6776
6776
6776
9637
9637
9637
9637
9637
9637
9637
9637
9637
9637
9637
9637
9637
9637
7030
7031
6776
7108
7108
12055
12055
12055
12055
12055
12055
9575
9673
9673
9673
31
31
8535
8535
8535
8535
8534
8566
6763
6763
9708
9708
9708
9708
9708
9708
9708
9708
9708
9708
9708
9708
9708
9708
9708
9708
9708
9708
9708
9708
9708
9708
9708
9708
9708
9708
9708
9708
9708
9708
9708
9708
9708
9708
9708
9708
9708
9708
9708
9708
9708
9708
9708
9708
9708
9708
9708
9708
9708
9708
9708
9708
9708
9708
9708
9708
9708
9708
9708
9708
9708
9708
9708
8688
8688
8566
8566
8566
8566
8566
8566
8557
8557
8557
8557
8557
8557
8557
8557
8557
8557
6763
6763
6763
6763
6763
6763
6763
6763
6763
8566
7111
7111
9637
6776
6776
7070
9844
9844
9844
7111
6776
6776
6776
7108
8485
8485
9637
8566
9844
9844
12055
8253
4497
4497
4498
4498
6764
6764
8535
8535
0
0
0
0
0
0
9894
9894
9894
9894
9893
9893
9893
9893
9893
7323
7323
6776
7111
9637
8485
8485
7031
17636
17636
17636
8803
8803
8803
8803
6571
6571
6571
6571
6571
6571
6571
6571
6571
6571
6571
6571
6571
6571
6571
6571
6571
6571
6579
6579
6579
12056
12056
12056
12056
12056
12056
12056
6626
10016
10016
10016
10016
10029
10031
10033
10033
10035
10036
10034
10039
6626
10041
10043
10043
10032
10052
8483
10056
10056
9008
9008
10056
10071
9572
9572
9572
9572
9575
9575
8485
8485
8485
8485
8485
8485
3915
3915
3915
3915
3915
3915
3915
3915
3915
3915
3915
3915
3915
3915
3915
3915
3915
3915
3915
3915
3915
3915
3915
3915
3915
3915
3915
3915
3915
3915
3915
3915
3915
3915
3915
3915
3915
3915
3915
3915
3915
3915
3915
3915
6573
6573
9894
0
8533
8533
10160
10160
10160
10160
10160
10160
10160
10160
10160
10160
10160
10160
10160
10160
0
8577
10198
6611
6593
6573
10056
6571
6593
8566
8566
8566
8557
8557
8557
8557
12052
10056
6573
12140
7
6584
0
8546
8546
6579
6579
6579
17636
17636
17636
8803
8803
8803
8803
8803
0
10283
10283
10283
10285
10285
10286
10286
8535
8535
6611
6593
6593
10286
10286
10286
10285
10285
10285
10285
6571
6593
12055
12055
8316
8316
8316
8316
8316
9874
12055
12055
9874
8535
8535
8535
8566
8566
8565
6421
6421
6421
8557
6584
6599
8253
9607
9607
9607
10382
10384
10383
0
0
9569
6777
6777
6777
6777
10395
10396
10396
8487
10406
8487
10383
10383
10383
10382
10382
10382
10384
10384
10384
8253
0
10437
10437
10438
10438
10438
10438
10438
10438
10438
10438
10438
10438
10438
10438
10438
10438
10438
10438
10438
10438
10438
10438
10438
10438
10438
10438
10438
10438
10438
10438
10438
10438
10438
10438
10439
10437
10474
10474
8098
6571
6571
6571
6571
6571
6571
6571
6571
6571
6571
6571
6571
6571
6571
6571
6571
6571
6571
6571
6571
6760
6760
6760
6760
6760
6760
6760
6760
6760
6760
6760
6760
6760
6760
6760
6760
10474
7323
7323
10477
8548
6571
6751
6571
6571
6571
12417
12417
8309
8309
7323
7323
7323
7323
9089
9089
3155
3155
0
10582
10582
10583
10583
10583
10584
10584
3178
3155
3155
3155
3155
3155
3155
8380
8380
8380
8380
10584
6571
6571
7031
6760
6760
6760
6760
6760
6760
6760
7108
8586
10617
10617
6758
6758
6573
6573
12055
12055
9584
9619
9619
9872
9872
9872
8316
8253
10382
10382
10382
10384
10384
10384
10383
10383
10383
6593
3155
6573
6571
6573
6573
6573
6573
6573
9893
1160
10691
10691
6571
6571
8566
10691
6593
6575
6571
10691
8316
8316
8316
8316
6571
6584
12055
6573
0
10719
10719
10721
10721
10721
10721
10721
10721
10721
10721
10721
10721
10721
10721
10721
10721
10721
10721
12056
10382
10384
10383
10719
10805
10719
10808
10808
10808
10808
10813
10813
10813
10813
10813
10813
10813
10813
10813
10813
10813
10813
10813
10813
10813
10813
10813
10813
10813
10813
10813
10813
10813
10813
10813
10813
10813
10813
10813
10813
10813
10813
10813
10813
10813
10813
10813
10813
10813
10813
10813
10813
10813
10813
10813
10813
10813
10813
10813
10813
10813
10813
10813
10813
10813
10813
10813
10813
10813
10813
10813
10813
10813
10813
9575
9575
7
10948
10948
10950
10950
10950
10950
8574
6569
7323
10437
10960
10960
9872
9872
10966
10947
10947
10947
10969
10969
10969
10969
10969
10969
10969
10969
10970
10970
10970
10970
10970
10970
10970
10970
10971
10971
10971
10971
10971
10971
10971
10971
0
10996
10997
10997
10997
10997
10997
10997
10997
10996
10996
10996
11007
11007
11007
11007
11005
11005
11005
11007
11007
11007
11005
11007
10997
10997
12055
12055
11008
11008
11008
11008
11008
11008
11008
11008
10966
10966
10617
11005
6571
6593
6573
10474
9893
9893
9893
9893
20563
20563
20563
20563
10383
10383
10383
10383
10383
10383
10383
10383
10383
10383
10383
10383
10383
10384
10384
10384
10384
10384
10384
10384
10384
10384
10384
10384
10384
10384
10382
10382
10382
10382
10382
10382
10382
10382
10382
10382
10382
10382
10382
11007
11007
11007
11007
11007
11007
11007
11007
11007
11007
11007
11007
11007
7071
7071
12056
6573
6979
6979
10805
8557
0
9869
8574
6571
6593
11164
11164
10956
10956
9619
11164
10956
9869
6599
8253
10805
10805
12055
10805
12077
11164
10956
6571
9869
9869
9893
6568
6568
9096
7
10969
10970
10971
10384
10384
6571
10384
10384
10384
10384
7031
7031
7031
7031
7031
7031
7031
7031
7031
10382
7031
7031
10805
10805
12056
7
11253
10383
5856
11253
10971
10970
7031
7031
7031
7031
7031
7031
7031
7031
7031
7031
7031
7031
7031
7031
7031
7031
7031
7031
7031
7031
7031
7031
7031
7031
7031
7031
7031
7031
7031
7031
7
6780
11295
11295
11295
11295
11295
11295
11295
11295
11295
11295
11295
10805
10617
10383
10383
10383
10383
10383
0
11316
11316
11316
11316
0
0
11323
11323
11323
11323
11323
11323
11323
11324
11324
11324
11324
11324
11324
11324
11324
11323
11323
11323
11323
11323
11324
11323
11324
11324
11324
11324
11324
11324
11324
11324
11324
11324
11324
11324
11324
11323
10382
10382
15022
11405
11405
11405
11405
11405
11405
11405
11405
11405
11405
11405
11405
11405
11405
6573
6573
6573
6573
6573
9575
11405
12404
0
11428
11428
11428
11428
11428
11428
11428
11428
11428
11428
11428
11428
11428
11428
11428
11428
11428
11428
11428
11428
11428
11428
11428
11428
11428
11428
11428
11428
11428
11428
11428
11428
11428
11428
11428
11428
11428
11428
11428
11428
11428
11428
11428
11428
11428
11428
11428
11428
11428
11428
11428
11428
11428
11428
11428
11428
11428
11428
11428
11428
11428
11428
11428
11428
11428
11428
11428
11428
11428
11428
11428
11428
11428
11428
11428
11428
11428
11428
11428
11428
11428
11428
11428
11428
11428
11428
11428
11428
11428
11428
11428
11428
10969
10382
10382
10382
12055
11295
6780
0
4410
7345
7345
11535
10477
6571
6571
6568
8473
6571
11428
11428
11428
11428
11428
11428
11295
11295
11295
9874
6568
0
11565
11565
11565
11565
11565
11565
6571
6571
10383
10384
8910
10439
6571
6571
11164
12055
10805
10805
10805
8260
10477
10477
6587
6587
11295
12056
12056
9109
9109
6571
6571
6571
6587
8484
11609
11609
11609
11609
11609
11609
11609
11609
11609
11609
11609
11609
11609
11609
11609
11609
11609
11609
11609
11609
11609
11609
11609
11609
11609
11609
11609
11609
11609
11609
11609
11609
11609
11609
11609
11609
11609
11609
11609
6571
6571
6571
6571
6571
6571
6571
6571
6571
6571
6571
6571
6571
6571
6571
6571
6571
6571
6571
6571
6571
6571
6571
6571
6571
6571
6571
6571
6571
6571
6571
6571
6571
6571
6571
8316
8316
8316
8316
8316
8316
8316
8316
8316
8316
8316
8316
8316
8316
8316
8316
8316
8316
8316
8316
8316
8316
8316
8316
8316
8316
8316
8316
8316
8316
8316
8316
8316
8316
8316
6421
6420
6611
8316
12055
6571
10805
6593
19392
19392
11774
11774
11775
11775
6571
6571
10950
20559
20556
20556
20556
20556
8924
8924
9619
12056
7111
9193
11164
10956
3171
6573
8485
8485
8485
8485
8485
8485
10997
10997
0
11838
11838
11838
11838
11841
11840
11774
11774
11774
6573
6626
11854
11856
11856
11856
11856
11861
11861
11861
11861
11861
11857
11857
9193
6590
11869
11860
11871
3171
6571
6593
6573
6626
11860
11005
6571
6584
6573
11841
6571
6571
6571
12052
10382
10384
10383
11323
11007
6587
6587
0
11323
11007
10382
10384
10383
0
0
0
12055
12055
6573
0
6611
6571
0
11952
11952
11952
11954
11957
11957
8566
8566
10382
10384
10383
11935
11972
11972
8566
8566
10997
11324
12056
7323
6580
10244
10244
10244
10244
10244
10244
10244
10244
10244
10244
10244
10244
10244
9193
11854
8480
8480
8480
8480
8480
8480
8480
8480
11842
11842
11842
11323
9663
11295
12417
12417
6571
8316
6571
10244
8096
8227
8227
8473
8473
8473
8473
8473
8473
8473
12066
12066
12066
12066
12066
12066
12066
12066
8473
8485
12077
12078
12078
12078
12078
12078
12078
12078
12078
12078
12078
12078
12078
12078
12078
12078
12077
12077
10477
8534
8557
8566
8566
10956
8440
16982
16982
16982
16982
16982
16982
16982
16982
16982
16982
16982
6573
11842
11565
11565
10969
10970
10971
9571
9571
6609
6600
6601
6599
8548
8548
8548
8309
8309
10997
9893
8548
8899
8899
7323
10382
10382
10382
10384
10384
10383
10383
10383
11007
11007
11007
11324
8309
11774
9091
9893
10382
10383
10384
0
12209
9893
9893
11316
10244
6573
6571
8924
10384
12417
12417
12209
11565
11565
11565
11565
11565
11565
11565
11565
10969
10969
10969
10969
10970
10970
10970
10970
10971
10971
10971
10971
11316
12209
11775
8548
8548
19392
12252
8548
8548
17050
12260
10439
10439
1270
1270
11316
9364
8309
11316
10808
0
11316
9193
9193
9193
6752
6752
6752
6752
10244
8566
0
12285
12285
12285
12285
12288
12288
12286
12286
11774
6571
6571
10244
12260
10439
12252
8533
12311
12311
9091
9893
8688
11972
8566
11882
11323
11323
6569
6569
11952
12332
12332
10244
12055
12055
6573
6573
11972
8566
3155
3155
12209
8316
8096
12348
12348
12348
12348
12348
12348
12348
12348
8096
12359
12359
12359
12359
12359
12359
12359
12359
12359
12359
12359
12359
12359
12359
12359
12359
12359
12359
12359
12359
12359
12359
8282
8534
8586
12402
8586
8586
8586
8586
8586
8993
12412
12413
12414
8993
8586
12418
12418
12418
8586
12423
9271
8993
8993
6979
6979
6979
6979
10244
8803
9271
6570
6590
10997
12055
12055
12055
6573
6573
6573
12359
8316
6571
10244
6606
12260
12260
12260
12260
0
12458
12458
12458
8485
7
9575
9575
9575
9575
9575
9575
9575
9575
12462
12462
12462
12462
12462
12462
12462
12462
12462
12462
12462
12462
12462
12462
12462
12462
12462
12462
12462
12462
12462
12462
12462
12462
12462
12462
12462
12462
12462
12462
12462
12462
12462
12462
12462
12462
12462
12462
12462
12462
12462
12462
12462
12462
12462
12462
12462
12462
12462
12462
12462
12462
12462
12462
12462
12462
12462
12462
12462
12462
12462
12462
12462
12462
12462
12462
12462
12462
12462
12462
12462
12462
12462
12462
12462
12462
12462
12462
12462
12462
12462
12462
12462
12462
12462
12462
12462
12462
12462
12462
12462
12462
12462
12462
12462
12462
12462
12462
12462
12462
12462
12462
12462
12462
12462
12462
12462
12462
12462
12462
12462
12462
12462
12462
12462
12462
12462
12462
12462
12462
12462
12462
12462
12462
12462
15727
15727
15727
15727
15727
15727
15727
15727
15727
15727
15727
15727
15727
15727
15727
15727
15727
15727
15727
15727
15727
15727
15727
15727
15727
15727
15727
15727
15727
15727
15727
15727
15727
15727
15727
15727
15727
15727
15727
15727
15727
15727
15727
15727
15727
15727
15727
15727
15727
15727
15727
15727
15727
15727
15727
15727
15727
15727
15727
15727
15727
15727
15727
12461
12461
12461
12461
12461
12461
12461
12461
12461
12461
12461
12461
12461
12461
12461
12461
12461
12461
12461
12461
12461
12461
12461
12461
12461
12461
12461
12461
12461
12461
12461
12461
12461
12461
12461
12461
12461
12461
12461
12461
12461
12461
12461
12461
12461
12461
12461
12461
12461
12461
12461
12461
12461
12461
12461
12461
12461
12461
12461
12461
12461
12461
12461
12461
12461
12461
12461
12461
12461
12461
12461
12461
12461
12461
12461
12461
12461
12461
12461
12461
12461
12461
12461
12461
12461
12461
12461
12461
12461
12461
12461
12461
12461
12461
12461
12461
12461
12461
12461
12461
12461
12461
12461
12461
12461
12461
12461
12461
12461
12461
12461
12461
12461
12461
12461
12461
12461
12461
12461
12461
12461
12461
12461
12461
12461
12475
12475
12475
12475
12475
12475
12475
12475
12475
12475
12475
12475
12475
12475
12475
12475
12475
12475
12475
12475
12475
12475
12475
12475
12475
12475
12475
12475
12475
12475
12475
12475
12475
12475
12475
12475
12475
12475
12475
12475
12475
12475
12475
12475
12475
12475
12475
12475
12475
12475
12475
12475
12475
12475
12475
12475
12475
12475
12475
12475
12475
12475
12475
12475
12475
12475
12475
12475
12475
12475
12475
12475
12475
12475
12475
12475
12475
12475
12475
12475
12475
12475
12475
12475
12475
12475
12475
12475
12475
12475
12475
12475
12475
12475
12475
12475
12475
12475
12475
12475
12475
12475
12475
12475
12475
12475
12475
12475
12475
12475
12475
12475
12475
12475
12475
12475
12475
12475
12475
12475
12475
12475
12475
12475
12475
12475
12475
12475
12475
12475
12475
12475
12475
12475
12475
12475
12475
12475
12475
12475
12475
12475
12475
12475
12475
12475
12475
12475
12475
12475
12475
12475
12475
12475
12475
12475
12475
12475
12475
12475
12475
12475
12475
12475
12475
12475
12475
12475
12475
12475
12475
12475
12475
12475
12475
12475
12475
12475
12475
12475
12475
12475
12475
12475
12475
12475
12475
12475
12475
12475
12475
12475
12475
12475
12475
12475
12475
12475
12475
12475
12475
12475
12475
12475
12475
12475
12475
12475
12475
12475
12475
12475
12475
12475
12475
12475
12475
12475
12475
12475
12475
12475
12475
12475
12475
12475
12475
12475
12475
12475
12475
12475
12475
12475
12475
12475
12475
12475
12476
12476
12476
12476
12476
12476
12476
12476
12476
12476
12476
12476
12476
12476
12476
12476
12476
12476
12476
12476
12476
12476
12476
12476
12476
12476
12476
12476
12476
12476
12476
12476
12476
12476
12476
12476
12476
12476
12476
12476
12476
12476
12476
12476
12476
12476
12476
12476
12476
12476
12476
12476
12476
12476
12476
12476
12476
12476
12476
12476
12476
12476
12476
12476
12476
12476
12476
12476
12476
12476
12476
12476
12476
12476
12477
12477
12477
12477
12477
12477
12477
12477
12477
12477
12477
12477
12477
12477
12477
12477
12477
12477
12477
12477
12477
12477
12477
12477
12477
12477
12477
12477
12477
12477
12477
12477
12477
12477
12477
12477
12477
12477
12477
12477
12477
12477
12477
12477
12477
12477
12477
12477
12477
12477
12477
12477
12477
12477
12477
12477
12477
12477
12477
12477
12477
12477
12477
12477
12477
12477
12477
12477
12477
12477
12477
12477
12477
12477
12477
12477
12477
12477
12477
12477
12477
12477
12477
12477
12477
12477
12477
12477
12477
12477
12477
12477
12477
12477
12477
12477
12477
12477
12477
12477
12477
12477
12477
12477
12477
12477
12477
12477
12477
12477
12477
12477
12477
12477
12477
12477
12477
12477
12477
12477
12477
12477
12477
12477
12478
12478
12478
12478
12478
12478
12478
12478
12478
12478
12478
12478
12478
12478
12478
12478
12478
12478
12478
12478
12478
12478
12478
12478
12478
12478
12478
12478
12478
12478
12478
12478
12478
12478
12478
12478
12478
12478
12478
12478
12478
12478
12478
12478
12478
12478
12478
12478
12478
12478
12478
12478
12478
12478
12478
12478
12478
12478
12478
12478
12478
12478
12478
12478
12478
12478
12478
12478
12478
12478
12478
12478
12478
12478
12478
12478
12478
12478
12478
12478
12478
12478
12478
12478
12478
12478
12478
12478
12478
12478
12478
12478
12478
12478
12478
12478
12478
12478
12478
12478
12478
12478
12478
12478
12478
12478
12478
12478
12478
12478
12478
12478
12478
12478
12478
12478
12478
12478
12478
12478
12478
12478
12478
12478
12478
12478
12478
12478
12478
12478
12478
12478
12478
12478
12478
12478
12478
12478
12478
12478
12478
12478
12478
12478
12478
12478
12478
12478
12478
12478
12478
12478
12478
12478
12478
12478
12478
12478
12478
12478
12478
12478
12478
12478
12478
12478
12478
12478
12478
12478
12478
12478
12478
12478
12478
12478
12478
12478
12478
12478
12478
12478
12478
12478
12478
12478
12478
12478
12479
12479
12479
12479
12479
12479
12479
12479
12479
12479
12479
12479
12479
12479
12479
12479
12479
12479
12479
12479
12479
12479
12479
12479
12479
12479
12479
12479
12479
12479
12479
12479
12479
12479
12479
12479
12479
12479
12479
12479
12479
12479
12479
12479
12479
12479
12479
12479
12479
12479
12479
12479
12479
12479
12479
12479
12479
12479
12479
12479
12479
12479
12479
12479
12479
12479
12479
12479
12479
12479
12479
12479
12479
12479
12479
12479
12479
12479
12479
12479
12479
12479
12479
12479
12479
12479
12479
12479
12479
12479
12479
12479
12479
12479
12479
12479
12479
12479
12479
12479
12479
12479
12479
12479
12479
12479
12479
12479
12479
12479
12479
12479
12479
12479
12479
12479
12479
12479
12479
12479
12479
12479
12479
12479
12479
12479
12479
12479
12479
12479
12479
12479
12479
12479
12479
12479
12479
12479
12479
12479
12479
12479
12479
12479
12479
12479
12479
12479
12479
12479
12479
12479
12479
12479
12479
12479
12479
12479
12479
12479
12479
12479
12479
12479
12479
12479
12479
12479
12479
12479
12479
12479
12479
12479
12479
12479
12479
12479
12479
12479
12479
12479
12479
12479
12479
12479
12479
12479
12479
12479
12479
12479
12479
12479
12479
12479
12479
12479
12479
12479
12479
12479
12479
12479
12479
12479
12479
12479
12479
12479
12479
12479
12479
12479
12479
12479
12479
12479
12479
12479
12479
12479
12479
12479
12479
12479
12479
12479
12479
12479
12479
12479
12479
12479
12479
12479
12479
12480
12480
12480
12480
12480
12480
12480
12480
12480
12480
12480
12480
12480
12480
12480
12480
12480
12480
12480
12480
12480
12480
12480
12480
12480
12480
12480
12480
12480
12480
12480
12480
12480
12480
12480
12480
12480
12480
12480
12480
12480
12480
12480
12480
12480
12480
12480
12480
12480
12480
12480
12480
12480
12480
12480
12480
12480
12480
12480
12480
12480
12480
12480
12480
12480
12480
12480
12480
12480
12480
12480
12480
12480
12480
12480
12481
12481
12481
12481
12481
12481
12481
12481
12481
12481
12481
12481
12481
12481
12481
12481
12481
12481
12481
12481
12481
12481
12481
12481
12481
12481
12481
12481
12481
12481
12481
12481
12481
12481
12481
12481
12481
12481
12481
12481
12481
12481
12481
12481
12481
12481
12481
12481
12481
12481
12481
12481
12481
12481
12481
12481
12481
12481
12481
12481
12481
12481
12481
12481
12481
12481
12481
12481
12481
12481
12481
12481
12481
12481
12481
12481
12481
12481
12481
12481
12481
12481
12481
12481
12481
12481
12481
12481
12481
12481
12481
12481
12481
12481
12481
12481
12481
12481
12481
12481
12481
12481
12481
12481
12481
12481
12481
12481
12481
12481
12481
12481
12481
12481
12481
12481
12481
12481
12481
12481
12481
12481
12481
12481
12481
12481
12481
12481
12481
12481
12481
12481
12481
12481
12481
12481
12481
12481
12481
12481
12481
12481
12481
12481
12481
12481
12481
12481
12481
12481
12481
12481
12481
12481
12481
12481
12481
12481
12481
12481
12481
12481
12481
12481
12481
12481
12481
12481
12481
12481
12481
12481
12481
12481
12481
12481
12481
12481
12481
12481
12481
12481
12481
12481
12481
12481
12481
12481
12481
12481
12481
12481
12481
12481
12481
12481
12481
12481
12481
12481
12481
12481
12481
12481
12481
12481
12481
12481
12481
12481
12481
12481
12481
12481
12481
12481
12481
12481
12481
12481
12481
12481
12481
12481
12481
12481
12481
12481
12481
12481
12481
12481
12481
12481
12481
12481
12481
12481
12481
12482
12482
12482
12482
12482
12482
12482
12482
12482
12482
12482
12482
12482
12482
12482
12482
12482
12482
12482
12482
12482
12482
12482
12482
12482
12482
12482
12482
12482
12482
12482
12482
12482
12482
12482
12482
12482
12482
12482
12482
12482
12482
12482
12482
12482
12482
12482
12482
12482
12482
12482
12482
12482
12482
12482
12482
12482
12482
12482
12482
12482
12482
12482
12482
12482
12482
12482
12482
12482
12482
12482
12482
12482
12482
12482
9496
8253
10805
3915
11775
11775
6571
6573
10383
10383
10383
10383
10383
10383
6571
6575
10997
6752
6752
6752
0
14192
14192
14193
14193
14193
14193
14193
14194
14194
14194
14194
14194
14194
14194
10384
10384
10384
10384
10384
14194
6575
10382
10382
10382
10382
10382
9637
9637
9637
9637
7030
11565
11565
11565
11565
11565
10970
10970
10971
10971
10969
10969
9496
9496
9496
9496
9496
9496
9496
9496
9496
9496
9496
9496
9496
9496
9496
9496
9496
9496
9496
9496
9496
9496
9496
9496
9496
9496
9496
9496
9496
9496
9496
9496
9496
9496
9496
9496
9496
9496
9496
9496
9496
9496
9496
9496
9496
9496
9496
9496
9496
9496
9496
9496
9496
9496
9496
9496
9496
9496
9496
9496
9496
9496
9496
9496
9496
9496
9496
9496
9496
9496
9496
9496
9496
9496
9496
9496
9496
9496
9496
9496
9496
9496
9496
9496
9496
9496
9496
9496
9496
9496
9496
9496
9496
9496
9496
9496
9496
9496
9496
9496
9496
9496
9496
9496
9496
9496
9496
9496
9496
9496
9496
9496
9496
9496
9496
9496
9496
9496
9496
9496
9496
9496
9496
9496
9496
9496
9496
9496
9496
9496
9496
9496
9496
9496
9496
9496
9496
9496
9496
9496
9496
9496
9496
9496
9496
9496
9496
9496
9496
9496
9496
9496
9496
9496
9496
9496
9496
9496
9496
9496
9496
9496
9496
9496
9496
9496
9496
9496
9496
9496
9496
9496
9496
9496
9496
9496
9496
9496
9496
9496
9496
9496
9496
9496
9496
9496
9496
9496
9496
9496
9496
9496
9496
9496
9496
9496
9496
9496
9496
9496
9496
9496
9496
9496
9496
9496
9496
9496
9496
9496
9496
9496
9496
9496
9496
9496
9496
9496
9496
9496
9496
9496
9496
9496
9496
9496
9496
9496
9496
9496
9496
9496
9496
9496
9497
9497
9497
9497
9497
9497
9497
9497
9497
9497
9497
9497
9497
9497
9497
9497
9497
9497
9497
9497
9497
9497
9497
9497
9497
9497
9497
9497
9497
9497
9497
9497
9497
9497
9497
9497
9497
9497
9497
9497
9497
9497
9497
9497
9497
9497
9497
9497
9497
9497
9497
9497
9497
9497
9497
9497
9497
9497
9497
9497
9497
9497
12463
12463
12463
12463
12463
12463
12463
12463
12463
12463
12463
12463
12463
12463
11565
6583
8717
6584
6599
9572
6611
3915
8487
8487
8487
8487
10406
10395
10396
10397
10805
11774
11774
11775
6571
6573
10244
8899
6571
6571
6571
6571
6571
6571
6571
6571
6571
6571
6571
6571
6571
6571
10244
10244
10244
10244
10244
10244
10244
6571
6571
6573
6579
6571
17636
8803
6593
12461
12461
12461
12461
12461
12461
12461
12461
12461
12461
9497
9497
9497
9497
9497
9497
9497
9497
9497
9497
12476
12478
12478
12478
12478
12478
12478
12478
12478
12478
12478
12480
12480
12480
12480
12480
12480
12480
12480
12480
12480
12482
12482
12482
12482
12482
12482
12482
12482
12482
12482
8899
8278
10159
12077
14694
14694
14694
6573
10805
8993
12140
8194
14709
14709
14709
14709
14709
14709
16984
16984
16984
16984
16984
16984
16984
16984
16984
16984
16984
8316
8316
8316
8316
8316
8316
8316
8316
8316
8316
8316
8316
8316
8316
8316
8316
8316
8316
8316
8316
8316
8316
8316
8316
8316
8316
8316
8316
8316
8316
8316
8316
8316
8316
8316
8316
8316
8316
8316
8316
8316
8316
8316
8316
14707
14707
14707
14707
14707
14707
14707
14707
14707
14707
14707
14707
14707
14707
14707
14707
14707
14707
14707
14707
14707
14707
14707
14707
14707
14707
14707
14707
14707
14707
14707
14707
14707
14707
9239
8803
8485
8485
10477
10477
8535
8535
6076
14694
8253
9869
6979
11565
11565
11565
10969
10970
10971
9575
9575
9575
9575
9575
9575
14879
14879
14879
14879
14879
14879
14879
14879
14879
14879
14879
14879
14879
14879
14879
14879
14880
14880
14880
14880
14880
14880
14880
14880
14880
14880
14880
14880
14880
14880
14880
14880
14880
14880
14877
14877
14877
14877
14877
14877
14877
14877
14877
14877
14877
14877
14877
14877
14877
14877
14877
14877
14877
14877
14877
14877
14877
14877
14877
14877
14877
14877
14877
14877
14877
14877
14878
14878
14875
14875
14875
14875
14875
14875
14875
14875
14875
14875
14875
14875
14875
14875
14875
14875
14875
14875
14875
14875
14875
14875
14875
14875
14875
14875
14875
14875
14875
14875
14875
14875
14875
14875
14876
14876
14876
14876
14876
14876
14876
14876
14876
14876
14876
14876
14876
14876
14876
14876
14876
14876
14876
14876
14876
14876
14876
14876
14876
14876
14876
14876
14876
14876
14876
14876
14876
14876
10384
10383
10383
10384
0
15022
15024
15024
15024
14694
7
15032
15032
15032
15032
15032
15032
15032
15032
15032
15032
15032
15032
10384
10383
17050
15049
15049
15049
10382
10382
10382
17050
15067
15067
15067
9869
9575
9575
6569
6573
7323
6580
6573
6573
6573
12055
12055
12055
9575
8803
17636
6571
6579
6573
8803
8803
17636
17636
6571
6571
6579
6579
6573
6573
14694
17050
15104
15104
15106
15106
15106
15106
15106
15106
15106
15106
15113
8535
8535
8228
8228
8910
10950
6584
6584
6584
6584
6584
6584
6584
6584
6584
6584
6584
6584
6584
6584
6595
6595
6595
6595
6595
6595
6595
6595
6595
6595
6595
6595
6595
6595
6752
6752
6752
6752
6752
6752
6752
6752
6752
6752
6752
6752
6752
6752
6752
6573
8899
8253
8253
38
11774
6599
15106
15113
14694
15067
15067
15067
15049
15049
15049
15024
15024
15024
10382
10382
10382
10384
10384
10384
10383
10383
10383
11775
15105
15105
15105
15105
15105
15105
15105
15105
15105
15105
15105
15105
15105
15105
15105
15105
15105
15105
15105
15105
15105
15105
15105
15105
15105
15105
8803
17636
6571
6579
6573
12348
12348
12052
6571
6571
6573
6573
6568
6575
12052
8535
15106
10477
8485
6573
0
14193
14194
10382
10384
10383
10382
10382
10382
10382
10382
10382
10382
10382
10382
10382
10382
10382
10382
10382
10382
10382
10384
10384
10384
10384
10384
10384
10384
10384
10384
10384
10384
10384
10384
10384
10384
10384
9607
15290
10383
10383
10383
10383
10383
10383
10383
10383
10383
10383
10383
10383
10383
10383
10383
9607
15308
15308
14193
14193
14192
15326
15326
15326
15326
15326
15326
15326
14194
14194
14194
14194
14194
14194
14194
14194
14194
14194
14194
14194
14194
14194
14194
14194
14194
10382
15290
15105
15361
15361
15361
15361
15361
15361
15361
15361
15361
15361
15361
15361
15361
11565
15375
11565
15378
15378
11565
15381
15383
15383
11565
15386
15386
10971
10971
10970
10970
10969
10969
6584
15105
9607
15397
15290
15308
15067
15049
15024
11316
6580
6569
7323
6573
0
10805
0
0
0
0
15105
6584
8253
14694
6574
15326
14194
15290
15308
15397
6611
11425
11425
11425
17045
17045
14694
9571
6584
0
15437
0
15105
9497
9497
9497
12461
12461
12461
12476
12476
12476
12476
12476
12476
12476
12476
12476
12476
12476
12476
12478
12478
12478
12480
12480
12480
6573
6571
6593
10477
15441
8309
14694
6595
6595
6595
6595
6595
6595
6595
6595
6595
6595
8803
6571
6579
6573
7031
7030
15441
15441
15441
15441
15441
15441
15441
15441
15441
15441
15441
15441
15441
15441
15441
15441
15441
15441
15441
15441
15441
0
15519
15519
15519
15519
15519
15519
15519
15519
15519
15519
15519
15519
15519
15519
15519
15519
8910
14694
15326
14194
15290
15397
15308
8993
8993
0
15546
15546
15547
15547
15547
15547
15547
15547
15547
15547
15547
15547
15547
15547
15547
8557
8566
9708
10244
15326
15326
15326
15326
15326
15326
15326
8534
9575
9575
0
8485
15544
15544
15544
15544
15544
15544
15544
15544
15544
15544
15544
15544
15544
15544
15544
15544
15544
15544
15544
15544
15544
15544
15544
15544
15544
15544
15544
15544
15544
15544
15544
15544
15544
15544
15544
15544
15544
15544
15544
15544
15544
15544
15544
15544
15544
15544
15544
15544
15544
15544
15544
15544
15544
15544
15544
15544
15544
15544
15544
15544
15544
15544
15544
15544
15544
15544
15544
15544
15544
15544
15544
15544
15544
15544
15544
15544
15544
15544
15544
15544
15544
15544
15544
15544
15544
15544
15544
15544
15544
15544
15544
15544
15544
15544
15544
15544
15544
15544
15544
15544
15544
15544
15544
15544
15544
15544
15544
15544
15544
15544
15544
15544
15544
15544
15544
15544
15544
15544
15544
15544
15544
15544
15544
15544
15544
15544
15545
15545
15545
15545
15545
15545
15545
15545
15545
15545
15584
15584
12461
15726
15726
15726
15726
15726
15726
15726
15726
15726
15726
15726
15726
15726
15726
15726
15726
15726
15726
15726
15726
15726
15726
15726
15726
15726
15726
15726
15726
15726
15726
15726
15726
15726
15726
15726
15726
15726
15726
15726
15726
15726
15726
15726
15726
15726
15726
15726
15726
15726
15726
15726
15726
15726
15726
15726
15726
15726
15726
15726
15726
15726
15726
15726
15726
15726
15726
15726
15726
15726
15726
15726
15726
15726
15726
15726
15726
15726
15726
15726
15726
15726
15726
15726
15726
15726
15726
15726
15726
15726
15726
15726
15726
15726
15726
15726
15726
15726
15726
15726
15726
15726
15726
15726
15726
15726
15726
15726
15726
15726
15726
15726
15726
15726
15726
15726
15726
15726
15726
15726
15726
15726
15726
15726
15726
15726
15726
15726
15727
15727
15727
15727
15727
15727
15727
15727
15727
15727
15727
15580
15580
15580
15580
15580
15580
15580
15580
15580
15580
15580
15580
15580
15580
15580
15580
15580
15580
15580
15580
15580
15580
15580
15580
15580
15580
15580
15580
15580
15580
15580
15580
15580
15580
15580
15580
15580
15580
15580
15580
15580
15580
15580
15580
15580
15580
15580
15580
15580
15580
15580
15580
15580
15580
15580
15580
15580
15580
15580
15580
15580
15580
15580
15580
15580
15580
15580
15580
15580
15580
15580
15580
15580
15580
15580
15580
15580
15580
15580
15580
15580
15580
15580
15580
15580
15580
15580
15580
15580
15580
15580
15580
15580
15580
15580
15580
15580
15580
15580
15580
15580
15580
15580
15580
15580
15580
15580
15580
15580
15580
15580
15580
15580
15580
15580
15580
15580
15580
15580
15580
15580
15580
15580
15580
15580
15580
15580
9091
12414
16252
8566
8316
6609
17045
14694
8688
15725
14694
11425
11316
6752
6752
6752
6752
6752
8309
15725
17045
17045
17045
17045
17045
14694
14694
14694
14694
14694
7
15397
15290
15308
15024
15049
15067
6595
15049
8803
9271
6570
6590
6573
15547
15547
11425
0
16301
16301
16301
16302
10244
10244
10244
10244
10244
10244
10244
14694
14694
14694
14694
8557
8566
8566
11425
9874
14695
4407
4407
4407
4407
4407
4407
4407
4407
4407
6751
6751
11316
6571
6571
6575
16340
16340
16340
16340
16340
8803
8803
8803
8803
16340
6571
6571
6571
6752
6579
6579
6573
6573
6573
6573
12463
12463
12463
8485
8485
10477
8485
10477
15727
15545
15580
8228
4405
5159
7
7
11405
15326
14194
12055
6752
6752
12055
6594
6594
6573
6573
8316
8316
8316
12055
6571
6574
12055
10244
6752
6752
15438
15438
6571
6593
6573
8485
10477
6571
6583
8316
12055
6593
6609
14694
16301
16445
11425
11425
16301
16451
14694
16451
15581
15581
15581
15581
15581
15581
15581
15581
15581
15581
15581
15581
15581
15545
15545
15545
15545
15545
15727
15727
15727
15727
15727
11609
12061
8827
9193
6573
6593
6573
6583
6752
10805
8803
17636
6752
6593
6573
12056
6573
6573
12359
11956
11954
14694
6752
10970
10805
6421
6420
10971
10969
0
16561
16561
16561
16561
10970
10971
9874
6584
15105
6420
6583
6752
8309
14694
9495
14694
14694
8803
8803
14694
14694
11425
14694
6573
12056
8936
9874
9495
9495
9495
16594
16594
9495
9495
16599
8717
5159
16595
16595
16595
16595
16595
16595
16596
16596
16596
16596
16596
16596
15290
15308
15397
17050
16628
16628
16628
16628
16628
16628
14192
16635
14192
14192
8253
9575
9575
9575
9575
16665
16665
16665
16665
16665
16665
16665
16665
16665
16665
16665
16665
16665
16665
16665
16665
16665
16665
16665
16665
16665
16665
16665
16665
16665
16665
16665
16665
16665
16665
16665
16665
16666
16666
16666
16666
16666
16666
16666
16666
16666
16666
16666
16666
16666
16666
16666
16666
16666
16666
16666
16666
16666
16666
16666
16666
16666
16666
16666
16666
16666
16666
16666
16666
16666
16666
16666
16666
16666
16666
16666
16666
16666
16666
16666
16666
16666
16666
16666
16666
16666
16666
16666
16666
16666
16666
16666
16666
16666
16666
16666
16666
16666
16666
16666
16666
16667
16667
16667
16667
16667
16667
16667
16667
16667
16667
16667
16667
16667
16667
16667
16667
16667
16667
16667
16667
16667
16667
16667
16667
16667
16667
16667
16667
16667
16667
16667
16667
16667
16667
16667
16667
16667
16667
16667
16667
16667
16667
16667
16667
16667
16668
16668
16668
16668
16668
16668
16668
16668
16668
16668
16668
16668
16668
16668
16668
16668
16668
16668
16668
16668
16668
16668
16668
16668
16668
16668
16668
16668
16668
16668
16668
16668
16668
16668
16668
16668
16668
16668
16668
16668
16668
16668
16668
16668
16668
16668
16668
16668
16668
16668
16668
16668
16668
16668
16668
16668
16668
16668
16668
16668
16668
16668
16668
16668
16668
16668
16668
16668
16668
16668
16668
16668
16668
16668
16668
16668
16668
16668
16668
16668
16668
16668
16668
16668
16668
16668
16668
16668
16668
16668
16668
16668
16668
16668
16668
16668
16668
16668
16668
16668
16668
16668
16668
16668
16668
16668
16668
16668
16668
16668
16668
16668
16668
16668
16668
16668
16668
16668
16668
16668
16668
16668
16668
16668
16668
16668
16668
16668
16668
16668
16668
16668
16668
16668
16668
16668
16668
16668
16668
16668
16668
14194
0
16952
8899
14694
14694
15727
15727
15727
15727
15727
15727
15727
15727
15545
15545
15545
15545
15545
15545
15545
15545
10397
14694
14694
8803
6752
6593
6573
8194
8194
6751
16383
16383
8803
17636
6752
6593
6573
1158
9619
15547
15547
15547
15547
15547
15547
15547
15547
15547
15548
15548
15548
15548
11316
15548
15548
15548
15548
15548
15548
15548
15548
15326
14194
15397
15290
15308
8316
14707
14875
14876
14880
14878
8316
8316
8316
12055
6571
6571
6571
6583
6583
6583
0
12460
17044
17046
17046
15432
0
17050
17050
6573
6573
6573
17050
17050
17050
17050
17050
17050
15432
16275
16275
17050
17050
12055
12055
11316
8803
8803
8803
8803
8803
17636
17636
17636
17636
17636
6752
6752
6752
6752
6752
6593
6593
6593
6593
6593
6573
6573
6573
6573
6573
19414
17096
17096
16637
16637
16637
16637
16637
16637
16637
16637
16637
16637
16637
16637
16637
16637
16637
16637
16638
16638
16638
16638
16638
16638
16638
16638
16638
7
17133
16596
8485
17139
17139
17139
17140
17139
17139
17139
17139
17139
17140
17140
17140
17140
17140
17140
17140
17133
17133
17133
17133
15727
9496
12481
12479
12475
12478
9497
12055
12055
8228
8228
6594
6594
6571
6571
6573
6573
17045
14694
15308
10384
15290
8803
8803
8803
8803
8803
9271
9271
9271
9271
9271
6752
6752
6752
6752
6752
6573
6573
6573
6573
6573
10805
16383
16383
15326
16638
14194
15397
15290
15308
11316
17050
6575
10077
6583
17045
14694
6573
17045
14694
3155
3155
10584
10584
8485
9569
6571
6584
6573
11005
10382
6571
6588
6573
11005
12209
8488
14694
8548
16383
16383
0
17259
17259
17259
17263
17263
11316
6595
6595
6595
8098
6595
6587
6587
6587
6587
6583
6583
6583
6583
6752
6752
6752
6752
6752
6752
6752
6752
10477
10477
10477
10477
17271
17271
17271
17271
6979
12359
15397
8316
12055
6588
6571
6573
9368
9368
9637
6573
12052
8548
8548
12311
8574
16638
17045
14694
8316
8316
12359
12359
0
17329
17329
17329
17329
17329
6588
6571
8316
12077
12077
12359
8316
12055
6571
6588
6573
15326
16638
14194
15290
15308
15308
15290
14194
9607
17356
17356
8535
8535
17271
17271
17271
17271
7323
17366
14694
11425
14694
14694
14694
14694
14694
12260
17375
10997
17377
17050
17380
16252
6605
17045
16257
9271
8803
8316
12055
6571
6587
6595
12462
12461
9496
9497
12475
12476
12477
12478
12479
12480
12481
12359
7
47
3155
3155
3155
3155
8316
11425
14694
14694
14694
14694
17096
8993
12461
12461
12461
12461
12461
12461
12461
12461
12461
12461
12461
12461
12461
12461
12461
12461
12461
12461
12461
12461
12461
12461
12461
12461
12461
12461
12461
12461
12461
12461
12461
12476
12476
12476
12476
12476
12476
12476
12476
12476
12476
12476
12476
12476
12476
12476
12476
12476
12476
12476
12476
12476
12476
12476
12476
12476
12476
12476
12476
12476
12476
12476
12478
12478
12478
12478
12478
12478
12478
12478
12478
12478
12478
12478
12478
12478
12478
12478
12478
12478
12478
12478
12478
12478
12478
12478
12478
12478
12478
12478
12478
12478
12478
12480
12480
12480
12480
12480
12480
12480
12480
12480
12480
12480
12480
12480
12480
12480
12480
12480
12480
12480
12480
12480
12480
12480
12480
12480
12480
12480
12480
12480
12480
12480
9497
9497
9497
9497
9497
9497
9497
9497
9497
9497
9497
9497
9497
9497
9497
9497
9497
9497
9497
9497
9497
9497
9497
9497
9497
9497
9497
9497
12482
12482
12482
12482
12482
12482
12482
12482
12482
11957
12482
17133
17271
16596
16596
6752
11954
8803
11425
8316
8316
8566
8993
17636
17636
17636
17636
17636
17636
17636
17636
17636
17636
17636
17636
17636
9271
9271
8910
11425
7
16595
8316
14694
7
9575
14694
8253
8253
9091
12414
14694
14694
14694
9008
6568
6573
10805
11405
6573
8228
8484
12359
8316
8910
14694
14694
8535
7030
6582
6582
6582
6582
6582
6582
6582
6582
6582
6582
6582
6582
6582
6582
6582
6582
6582
6582
6582
6582
6582
6582
6582
6582
6582
6582
6752
6752
6752
6752
6752
6752
6752
6752
6752
6752
6752
6752
6752
6752
6752
6752
6752
6752
6752
6752
6752
6752
6752
6752
6752
6752
17050
17757
17757
17757
17757
17757
17757
17757
17757
17757
17757
17757
17757
17757
17757
17757
17757
17757
17757
17757
17757
17757
17757
17757
17757
17757
17757
14694
14694
0
0
0
17683
17683
6388
17654
11316
11316
11316
11294
17849
17134
17134
17134
17134
17134
17134
17134
17134
17159
17159
17159
17159
17159
17159
17159
17159
17160
17160
17160
17160
17160
17160
17160
17160
17157
17157
17157
17157
17157
17157
17157
17157
17158
17158
17158
17158
17158
17158
17158
17158
0
17892
17892
17892
17892
17892
17892
17892
17892
17894
17894
17894
17894
17894
17894
17894
17895
17895
17895
17895
17895
17895
17895
17896
17896
17896
17896
17896
17896
17896
17897
17897
17897
17897
17897
17897
17897
17898
17898
17898
17898
17898
17898
17898
17899
17899
17899
17899
17899
17899
17899
17900
17900
17900
17900
17900
17900
17900
17901
17901
17901
17901
17901
17901
17901
11005
6571
6573
6583
17683
17683
17683
17683
17683
17683
17683
17683
17683
17683
17683
17683
15326
14192
17983
12052
17985
17985
17985
17985
8316
8316
8316
8316
6752
6752
6752
6752
6594
6594
6594
6593
6595
6595
8316
6596
6571
8316
8316
8316
8316
12055
12055
12055
12055
6595
6595
6595
6595
6587
6587
6587
6587
6752
6752
6752
6752
12417
12417
8533
17675
17675
8803
17636
10965
10965
10965
10965
10965
10965
16445
18049
14694
18049
18049
8574
18054
18054
18054
18054
18054
18054
18054
18054
18054
18054
18054
18054
18054
18054
18054
18054
18054
18054
18054
18054
18054
18054
18054
20560
11425
14694
14694
9271
14694
14694
6587
6595
6571
12055
8316
14694
12359
6571
18049
14694
8316
12140
6595
17654
18049
14694
12052
8316
6752
6595
10244
17610
17610
17610
17610
17610
17610
17610
17610
16383
3155
11425
8574
6752
11954
10808
8316
6587
8566
8566
8566
8566
8566
6573
6571
6752
10244
12052
14694
11425
8566
7031
6595
6752
6587
8253
14694
10477
8485
0
0
0
0
0
0
7
11425
8566
8566
8566
8566
7
18185
18185
18187
18187
18187
18187
18187
18187
12056
12056
6573
6573
15544
12461
7
18208
18208
18208
18208
18210
18210
18210
18211
18054
17757
12209
11316
18167
18167
6571
10077
8533
18235
6599
6599
8534
6596
6584
6583
6583
8316
8316
8316
12056
12056
12056
6583
6752
6752
6752
6596
6596
6596
6596
6596
6596
6596
6596
6596
6596
6596
6596
6596
6596
6596
6596
6596
6596
6596
6596
6596
6596
6596
6596
6596
6596
6596
6596
6596
0
10477
17271
0
18288
18288
18288
6595
7
18304
18304
18304
18304
18304
18304
18304
18304
18304
10077
11425
6752
6588
6595
8316
12055
10077
12359
6752
10244
18054
18054
18054
18054
17271
6587
6421
7323
8309
10383
10078
11007
11425
17892
11425
17050
17050
17050
17050
18345
18345
18345
6587
6583
6752
6752
8316
12359
12359
18304
8717
17050
17050
18054
7323
6569
7323
6569
6573
11425
14694
6573
6575
15032
18304
6582
8316
6752
17985
11316
11316
11316
11316
11316
12348
6752
6587
6587
6587
6587
12052
6587
11957
6752
6752
6752
6752
8316
8316
8316
8316
18304
18304
18304
18304
12052
18436
18436
18436
18436
18436
18436
18436
18436
18436
18436
18436
18436
6569
6587
6573
7323
18304
18049
14694
12260
12260
6752
6582
18304
6584
6584
6584
6584
6596
6752
6752
6588
6752
6752
6574
6574
6574
6573
6573
6752
6752
8316
8316
8316
18304
18304
6587
6587
6587
6752
0
18500
18500
18500
18500
10244
3915
9874
9874
7323
10078
10078
10078
10078
10078
10078
10078
10078
10078
10078
10078
10078
10078
10078
10078
10078
10078
10078
10078
10078
10078
10078
10078
9575
18795
18795
18795
18795
18795
18795
18795
18795
18795
18795
18795
18795
6573
3915
6752
8316
12359
10078
18816
11425
0
10078
10078
10078
18819
18819
18819
18819
18819
18819
18819
18819
18819
18819
18819
18819
18819
18819
18819
18819
18819
18819
18819
18819
18819
18819
18819
18819
18819
11425
11425
11425
11425
16594
17611
17611
17611
17611
17611
17611
17611
17612
18304
18304
18795
17050
18885
18885
8535
8535
12052
18885
18885
18885
18885
18885
18885
18885
18885
18885
18885
18885
18885
18885
18885
18885
18885
18885
18885
18885
18885
18885
14694
8535
14695
17271
10477
6752
6590
6573
6590
11425
18167
18210
8535
18049
11425
18304
8316
12055
6752
6595
6587
11425
14694
14694
14694
14694
14694
10078
10078
10078
10078
10078
10078
10078
10078
10078
10078
10078
10078
10078
12359
8316
18304
6575
6752
8316
6752
18304
18304
6752
6580
8316
6578
6593
15308
18304
6587
7323
7323
18304
18049
18209
18209
18209
18209
18209
3155
3155
10997
17377
18304
11425
14694
8566
8557
6752
6752
18304
18304
4407
4407
8316
8316
12056
12140
18795
18825
18825
18825
18825
18825
18825
19028
19028
18825
18825
18825
18825
18825
18825
18825
18825
18825
18825
18825
18825
18825
6609
6752
18304
8316
8316
6596
6752
11405
18304
9571
8574
8574
9361
9361
9361
9361
9361
9361
9361
9361
15326
17983
14194
15290
15308
17356
15032
11316
6752
12332
3915
18304
16561
16561
10969
10969
10971
10971
10970
10970
16301
19087
19087
16596
11295
18819
18819
6752
6752
18304
18304
6587
6587
8316
8316
12140
12140
6752
6752
3915
3915
18304
18304
12332
12332
18885
12359
8316
6752
3915
12052
12052
12052
12052
12052
11316
18210
18209
16594
16599
17329
17329
17329
17329
17329
17329
15308
15308
15308
15308
15308
15308
15290
15290
17356
10078
10078
10078
10078
10078
10078
10078
10078
10078
11295
18825
15032
17983
15326
14194
10078
18795
10078
8803
8803
17636
6752
6584
18304
10970
16561
8316
17329
17329
17329
17329
17329
17329
15581
16667
16668
15726
15545
18304
15441
8574
8574
12359
8316
3915
18304
6752
17757
18054
6575
18304
6752
16303
11425
8827
9193
8316
12140
8309
11425
14694
18211
18211
18211
6752
6752
6587
6587
18304
18304
17636
17636
8803
8803
11316
17844
10078
11316
11316
11316
11316
11316
11316
8827
9271
8534
8534
15326
14194
10078
18795
0
19262
19262
19262
10078
10078
18049
18049
18049
18049
8827
6570
6590
18304
9193
8316
8316
11956
11956
11954
11954
6600
7
16301
19289
18168
18168
18168
18168
18169
18169
18169
8827
9193
18304
6590
6587
18304
6752
12359
6752
6752
6752
6587
7
8577
10198
7
8484
10077
15378
15381
12055
8316
6752
17044
19347
19322
17050
17050
8316
6752
19317
19327
8316
19327
6752
19317
8316
19327
6752
19317
18049
7323
8316
6752
3915
19317
11536
10970
10969
10971
10477
11956
6752
6596
6575
11295
11295
7030
7030
19317
8557
7
9575
0
19392
19392
19390
19317
11425
14694
19317
8316
8316
16595
14694
14694
18170
18170
18170
19317
0
19414
19414
19415
19415
19415
19415
19415
19415
19414
19415
17271
19415
14694
14694
19415
19415
6752
8316
19317
19322
18167
18167
18167
18167
18167
18167
18167
18167
18167
18167
18167
0
0
10969
10969
10969
10969
10969
10969
10969
10969
10969
10969
10971
10971
10971
10971
10971
10971
10971
10971
10971
10971
10970
10970
10970
10970
10970
10970
10970
10970
10970
10970
19317
9193
8827
8574
7
19317
12359
0
19490
19490
19490
19490
19490
19490
19490
19490
19490
19490
19490
19490
19490
19392
19392
19392
19392
19392
19392
19392
19392
19392
19392
19392
18825
6752
6752
6752
6752
19317
19317
19317
19317
16561
16561
16561
16561
16561
16561
16561
16561
16561
16561
18284
7
14694
19550
19414
19691
19423
11527
11527
11527
11527
11527
11527
11527
11527
7
19704
19548
12359
8484
19709
19709
19709
19709
19709
19709
19709
19709
19709
19709
19709
19709
19709
19709
19709
19709
19709
19709
19709
19709
19709
19709
19709
19709
19709
19709
19709
19709
19709
19709
19709
19709
19709
19709
19709
19709
19709
19709
19709
19709
19709
19709
19709
19709
19709
19709
19709
19709
19709
19709
19709
19709
19709
19709
19709
19709
19709
19709
19709
19709
19709
19709
19709
19709
19709
19709
19709
19709
19709
19709
19709
19709
19709
19709
19709
19709
19709
19709
19709
19709
19709
19709
19709
19709
19709
19709
19709
19709
19709
19709
19709
19709
19709
19709
19709
19709
19709
19709
19709
19709
19709
19709
19709
19709
19709
19709
19709
19709
19709
19709
19709
19709
19709
19709
19709
19709
19709
19709
19709
19709
19709
19709
19709
19709
19709
19709
19709
19709
19414
19838
19838
19838
19548
19548
19548
19548
19548
19548
19548
19548
19548
19548
19548
19548
19548
19548
19548
19548
19548
19548
19548
19548
19548
19548
19548
19548
19548
19548
19548
19548
19548
19548
19548
19548
19548
19548
19548
19548
19548
19548
19548
19548
19548
19548
19548
19548
19548
19548
19548
19548
19548
19548
19548
19548
19548
19548
19548
19548
19548
19548
19548
19548
19548
19548
19548
19548
19548
19548
19548
19548
19548
19548
19548
19548
19548
19548
19548
19548
19548
19548
19548
19548
19548
19548
19548
19548
19548
19548
9575
9575
9575
9575
6752
19416
19322
19416
19416
19416
19416
19416
19416
19416
19416
19416
19416
19416
19416
19416
19416
19416
19416
19416
19416
19416
19416
19416
19416
19416
19416
19416
19416
19416
19416
19416
19416
19416
19416
19416
19416
19416
19416
19416
19416
19416
19416
19416
19416
19416
19416
19416
19416
19416
19416
19416
19416
8316
12359
19928
19928
19928
19928
19928
19928
19928
19928
19928
19928
19928
19928
19928
19928
19928
19928
19928
19928
19928
19928
19928
19928
19928
19928
19928
19928
19928
19928
19928
19928
19928
19928
19929
19929
19929
19929
19929
19929
19929
19929
19929
19929
19929
19929
19929
19929
19929
19929
19929
19929
19929
19930
19930
19930
19930
19930
19930
19930
19930
19930
19930
19930
19930
19930
19930
19930
19930
19930
19930
19930
19930
19930
19930
19930
19930
19930
19930
19930
19930
19930
19930
19930
19930
19931
19931
19931
19931
19931
19931
19931
19931
19931
19931
19931
19931
19931
19931
19931
19931
19931
19931
19931
6752
6752
6752
6752
6752
6752
6752
6752
6752
6752
6752
6752
6752
6752
6752
6752
6752
6752
6752
6752
6752
6752
6752
6752
6752
6752
6752
6752
6752
6752
6752
6752
6752
6752
6752
6752
6752
6752
6752
6752
6752
6752
6752
6752
6752
6752
6752
6752
6752
6752
6752
19416
19416
19416
19416
19424
19424
19424
19424
12359
6752
19317
19322
8316
16595
16596
14875
14876
14878
14880
7
19550
19550
19550
19550
19550
19550
19550
19550
19550
19550
19550
19550
19550
19550
19550
19550
19550
19550
19550
19550
19550
19550
19550
19550
19550
19550
19550
19550
19550
19550
19550
19550
19550
19550
19550
19550
19550
19550
19550
19550
19550
19550
19550
19550
19550
19550
19550
19550
19550
19550
19550
19550
19550
19550
19550
19550
19550
19550
19550
19550
19550
19550
19550
19550
19550
19550
19550
19550
19550
19550
19550
19550
19550
19550
19550
19550
19550
19550
19550
19550
19550
19550
19550
19550
19550
19550
19704
19704
19704
19704
19704
19704
19704
19704
19704
19704
19704
19704
19704
19704
19704
19704
19704
19704
19704
19704
19704
19704
19704
19704
19704
19704
19704
19704
19704
19704
19704
19704
19704
19704
19704
19704
19704
19704
19704
19704
19704
19704
19704
19704
19704
19704
19704
19704
19704
19704
19704
19704
19704
19704
19704
19704
19704
19704
19704
19704
19704
19704
19704
19704
19704
19704
19704
19704
19704
19704
19704
19704
19704
19704
19704
19704
19704
19704
19704
19704
19704
19704
19704
19704
19704
19704
20164
20164
20164
20164
20164
20164
20164
20164
20164
20164
20164
20164
20164
20164
20164
20164
20164
20164
20164
20164
20164
20164
20164
20164
20164
20164
20164
20164
20164
20164
20164
20164
20164
20164
20164
20164
20164
20164
20164
20164
20164
20164
20164
20164
20164
20164
20164
20164
20164
20164
20164
20164
20164
20164
20164
20164
20164
20164
20164
20164
20164
20164
20164
20164
20164
20164
20164
20164
20164
20164
20164
20164
20164
20164
20164
20164
20164
20164
20164
20164
20164
20164
20164
20164
20164
20164
20164
6752
6752
18284
8574
6752
15548
12359
8316
8194
20439
20439
20439
20439
20439
20439
8316
8316
8316
8316
8316
8316
6575
6575
6575
6575
6575
6575
6752
6752
6752
6752
6752
6752
14694
14694
19691
19423
19414
19423
15032
20164
6600
18170
11425
9575
7030
9497
12461
12480
12476
12478
8574
18284
18054
18170
10078
15308
18049
16561
11425
12077
6594
18054
18054
10077
10077
14694
6574
6574
6574
6574
6574
6752
6752
6752
6752
6752
20569
20586
19424
19424
19424
19424
6557
20556
0
20558
20558
20560
20560
20558
20563
20563
20563
20563
20558
0
20569
20569
20569
20569
20569
20569
20569
20569
20569
20569
20569
20569
20569
20569
0
20586
20586
20586
20589
20586
20586
20586
20586
20586
20586
20586
20586
20586
18304
19322
14694
17377
7030
7030
7030
7030
7030
7030
19424
19424
19424
19424
12359
8316
19322
19317
6752
19322
19317
19087
0
0
19317
19317
18209
18210
18211
6571
15032
18167
7
19317
18211
7108
19317
19317
19317
19317
19424
19424
19691
19423
19691
19423
19414
19414
19423
19414
19423
19423
19414
19423
18211
18209
19424
19424
19424
19424
19424
19424
19424
19424
12359
12359
8316
8316
19317
19322
19322
6752
6752
6571
12052
8316
12055
19347
17050
19317
6575
7
7
8803
17636
6575
16667
12359
8316
6752
19322
19317
6752
6752
20492
18284
6571
3915
19317
12359
16383
14694
19322
19392
19392
19392
19392
19392
19392
19392
19317
6752
0
0
10971
10971
10971
10971
10971
10971
10971
10970
10970
10970
10970
10970
10970
10970
10969
10969
10969
10969
10969
10969
10969
16561
16561
16561
16561
16561
16561
16561
6752
6752
16667
16667
15581
7
20782
20782
20782
20782
20782
19317
16301
20793
17381
17381
17381
20794
12077
12077
12359
12359
12359
8316
8316
8316
6752
6752
6752
19322
19322
19322
19317
19317
19317
18284
18284
18284
18284
18284
18170
18170
8253
12140
12140
20794
17050
12348
19317
10971
10970
18054
17757
6752
6575
18304
6752
6752
6752
6752
15032
19423
19414
9497
12461
19317
18049
18049
17133
20857
20857
14694
20857
20857
17133
20865
20865
17133
20868
20868
20868
20868
20868
20868
6388
19838
20556
20556
20556
20556
18049
18049
19416
19691
19423
6752
6752
18170
18284
18284
18284
18284
12140
6574
17849
20782
19317
12482
12463
12463
12140
12461
9497
12476
12478
12480
12482
6752
6752
6752
6752
6752
6574
6574
6574
6574
3915
8316
8316
8316
8316
8316
12359
12359
12359
12359
12359
19423
18211
6752
16561
16561
16561
16561
16561
16561
19392
19392
19392
19392
19392
19392
20782
20782
10969
10969
10969
10969
10969
10969
10970
10970
10970
10970
10970
10970
10971
10971
10971
10971
10971
10971
20782
20782
20782
20782
20782
20782
20782
17308
20987
20987
16383
20782
18211
18209
18209
18210
18210
18168
17381
20794
18168
18211
18209
18210
18211
12348
12052
6752
18304
6587
18169
18209
18210
18211
18169
18209
18210
18211
15381
6752
18436
12482
18436
8316
8316
8316
19317
19317
19317
19322
19322
19322
6752
6752
8316
12056
6752
4407
6595
18436
12463
19838
19838
16561
19392
10969
10970
10971
19424
19424
19424
19424
20782
20782
9497
12461
19424
19424
19424
19424
18167
18210
18210
18210
18209
18209
18211
18209
12480
12480
12478
12478
12476
12476
9497
9497
12461
12461
